./main
******************************************************************************/n This is the result for 2 dimension: 

0.698970 1.255273 
0.778151 1.278754 

2.930702 4.965164 
3.077936 5.224005 

2.930702 4.965164 
3.077936 5.224005 

0.000000 -0.000000 
0.000000 -0.000000 

******************************************************************************/n This is the result for 4 dimension: 

0.698970 1.255273 1.491362 1.643453 
0.778151 1.278754 1.505150 1.653213 
0.845098 1.301030 1.518514 1.662758 
0.903090 1.322219 1.531479 1.672098 

8.419767 13.191786 15.426714 16.903487 
8.607934 13.512315 15.805345 17.319878 
8.776019 13.797376 16.141911 17.689945 
8.928848 14.055594 16.446654 18.024970 

8.419767 13.191786 15.426714 16.903487 
8.607934 13.512315 15.805345 17.319878 
8.776019 13.797376 16.141911 17.689945 
8.928848 14.055594 16.446654 18.024970 

-0.000000 -0.000000 0.000000 -0.000000 
0.000000 -0.000000 0.000000 0.000000 
-0.000000 0.000000 0.000000 -0.000000 
-0.000000 -0.000000 0.000000 0.000000 

******************************************************************************/n This is the result for 8 dimension: 

0.698970 1.255273 1.491362 1.643453 1.755875 1.845098 1.919078 1.982271 
0.778151 1.278754 1.505150 1.653213 1.763428 1.851258 1.924279 1.986772 
0.845098 1.301030 1.518514 1.662758 1.770852 1.857332 1.929419 1.991226 
0.903090 1.322219 1.531479 1.672098 1.778151 1.863323 1.934498 1.995635 
0.954243 1.342423 1.544068 1.681241 1.785330 1.869232 1.939519 2.000000 
1.000000 1.361728 1.556303 1.690196 1.792392 1.875061 1.944483 2.004321 
1.041393 1.380211 1.568202 1.698970 1.799341 1.880814 1.949390 2.008600 
1.079181 1.397940 1.579784 1.707570 1.806180 1.886491 1.954243 2.012837 

23.736511 33.770740 38.874278 42.335387 44.959085 47.073025 48.843551 50.366855 
23.971961 34.155266 39.325941 42.831043 45.487535 47.627633 49.419922 50.961860 
24.186682 34.503443 39.734534 43.279282 45.965348 48.129046 49.940974 51.499732 
24.385518 34.823921 40.110326 43.691418 46.404611 48.589965 50.419918 51.994117 
24.571658 35.122378 40.460056 44.074874 46.813254 49.018720 50.865419 52.453963 
24.747322 35.402762 40.788411 44.434813 47.196792 49.421107 51.283503 52.885496 
24.914135 35.667949 41.098801 44.774992 47.559236 49.801342 51.678554 53.293244 
25.073320 35.920105 41.393798 45.098242 47.903612 50.162601 52.053877 53.680620 

23.736511 33.770740 38.874278 42.335387 44.959085 47.073025 48.843551 50.366855 
23.971961 34.155266 39.325941 42.831043 45.487535 47.627633 49.419922 50.961860 
24.186682 34.503443 39.734534 43.279282 45.965348 48.129046 49.940974 51.499732 
24.385518 34.823921 40.110326 43.691418 46.404611 48.589965 50.419918 51.994117 
24.571658 35.122378 40.460056 44.074874 46.813254 49.018720 50.865419 52.453963 
24.747322 35.402762 40.788411 44.434813 47.196792 49.421107 51.283503 52.885496 
24.914135 35.667949 41.098801 44.774992 47.559236 49.801342 51.678554 53.293244 
25.073320 35.920105 41.393798 45.098242 47.903612 50.162601 52.053877 53.680620 

0.000000 0.000000 0.000000 0.000000 -0.000000 -0.000000 0.000000 0.000000 
0.000000 0.000000 -0.000000 -0.000000 -0.000000 -0.000000 -0.000000 0.000000 
-0.000000 -0.000000 0.000000 0.000000 -0.000000 0.000000 0.000000 -0.000000 
0.000000 0.000000 -0.000000 0.000000 -0.000000 -0.000000 -0.000000 -0.000000 
-0.000000 0.000000 0.000000 -0.000000 0.000000 -0.000000 0.000000 0.000000 
-0.000000 -0.000000 -0.000000 0.000000 0.000000 0.000000 -0.000000 -0.000000 
0.000000 -0.000000 -0.000000 0.000000 -0.000000 0.000000 0.000000 -0.000000 
0.000000 -0.000000 -0.000000 0.000000 0.000000 0.000000 -0.000000 0.000000 

